538

7 246 (p. 246), 7 248 (p. 215), 7 251 (p. 95), 7 258, 7 267
(pp. 317, 367), 7 271 (p. 313), 7274 (p. 319), 7 294 (117),
7300, 7307, 7 312 (p. 320), 7 315, 7 318, 7 329, 7332,
7 340, 7 344 (pp. 173, 216), 7 351, 7352, 7 362 (p. 320),
7 369 (p. 364), 7 372, 7 375, 7 383, 7 390 (p. 343), 7 393,
7 393 (p. 82), 7413 (p. 310), 7443 (pp. 47, 320), 7462,
7 467, 7 485, 7439, 7491, 7 492, 7 494 (pp. 216, 320),
7 497, 7 499, 7 515, 7523, 7 529, 7532, 7537, 7547,
7 557 (p. 186); 7 564, 7 567 (pp. 321, 393), 7 570 (p. 125),
7 579, 7 581 (p. 216), 7 585. ,

7 2 (pp. 234, 394), 7 6, 7 12 (p. 322), 7 13,7 14 (p. 322),
720, 721 (p. 213), 725 (p. 87), 7 33 (p. 217), 7 35 (p. 2),
7 39 (7323), 743, 7 44, 7 48, 764, 735, 781 (ρ. 324),
7 84, 7 92, 7 106 (pp. 36, 403), 7 107, 7 112 (p. 325),
7 116 (p. 209 7707), 7 138, 7 151 (p. 225), 7 156 (p. 403
7707), 7 163, 7 173, 7 174 (p. 409), 7 182, 7 187, 7 196
(p. 87), 7202, 7205, 7 221, 7 229 (p. 337), 7 240 (pp. 325,
408), 7 252 (p. 3), 7 257 (pp. 35, 225), 7 263, 7 267, 7 276,
7 273, 7 291, 7 292 (pp. 213, 412), 7 297 (pp. 51, 337),7300
(p. 187), 7 326 (p. 2), 7 329, 7 331 (p. 259), 7 344 (p. 219),
7 345, 7 347 (p. 412), 7 348 (p. 393), 7 350, 7 353 (p. 258),
7 364,7 366, 7 333 (p. 32), 7 391 (p. 325), 7399, 7403 (p. 37),
7 410 (p. 219), 7 411 (p. 47), 7425, 7440, 7 456, 7 508, 7525.

771,κ3, 774, 775, 77, 7720, κ31,7734(ρ.90);7755
(p. 219), κ 56 (117), 77 64, κ 70, 77 72 (p. 125), 77 35 (p. 326),
κ 36 (p. 250), κ 103, 7105,77113; 77121,77137;77146,77153,

’ κ 180 (p. 163), 77 189 (p. 281), κ 190, κ 238, 77 239, 77 240,

7242, 7296, κ 301 (pp. 82, 435);·77 305 (p. 246), κ 314,
315, 77 323 (p. 28), κ 324, 77 329, κ 350, 351, κ 379; 77 396,
77490, κ 492, κ 405 (p. 5), 77 514, κ 528 (p. 475).

73, 730 (p. 220), 738, 746, 7 73, 7 88, 7 115,116
(p. 251); A 147-149 (p. 326), 7 174, 7 182 (p. 253), 7136
(p. 327), A 213, A 238, A 242 (p. 327), A 271, 7275 (p. 248),
A 303 (p. 125), A 309 (pp. 287, 478), A 313 (p. 328), 7315
(p. 220), A 317 (p. 288), A 320, A 321 (pp. 157, 478), 7324
(p. 247), 7 326, 7 346 (p. 328), 7 359, 7 385 (pp. 37, 479)
7 391 (p. 258), 7 428, 7 519, 7 555 (p. 328), 7 570 (p. 27)
A 579 (p. 331), 7 593, 7 602, 7 676 (p. 328), A 632.

 

